
[achievement]
one=1;
two=1;
three=1;
four=0;
five=0;
six=0;
seven=0;




[score]
s0=8.000000;
s1=38.000000;
s2=41.000000;
s3=47.000000;
s4=78.000000;
s5=1000.000000;
s6=1000.000000;
